2af9
2a11
293d
2871
2799
26d4
2611
2555
248c
23d9
2322
2276
21bc
2116
206e
1fce
1f24
1e89
1def
1d5b
1cbf
1c2f
1ba2
1b19
1a87
1a05
1981
1904
187c
1804
178a
1716
169a
162a
15bb
154f
14dd
1476
140e
13ab
1342
12e3
1283
1229
11c6
116d
1117
10c1
1068
1017
0fc9
0f78
0f24
0edb
0e90
0e47
0dfb
0db5
0d72
0d2e
0ce7
0ca8
0c6a
0c2b
0be8
0baf
0b74
0b3a
0afd
0ac8
0a93
0a5d
0a24
09f4
09c2
0992
095e
092f
0902
08d4
08a4
087a
0850
0827
07fb
07d3
07ac
0786
075c
0739
0716
06f0
06cc
06aa
068a
0669
0646
0628
0609
05ea
05cb
05af
0591
0577
0557
053f
0523
050a
04ef
04d6
04bf
04a6
048e
0476
0461
044a
0434
0420
040a
03f6
03e0
03ce
03bb
03a7
0394
0382
0371
0360
034e
033d
032e
031d
030d
02fe
02f0
02e0
02d1
02c3
02b6
02a7
0299
028c
027f
0273
0266
025a
024e
0244
0236
022b
0220
0217
020a
0201
01f7
01ec
01e3
01d9
01d0
01c7
01bd
01b4
01ac
01a5
019b
0193
018a
0184
017b
0174
016e
0165
015d
0158
0151
0149
0143
013e
0136
0130
0129
0125
011f
0118
0114
010d
0108
0103
00fe
00f9
00f4
00ee
00eb
00e5
00e2
00dc
00d8
00d5
00cf
00cb
00c6
00c4
00c0
00bc
00b7
00b5
00b0
00ae
00a9
00a6
00a3
00a1
009c
0099
0096
0093
008f
008e
008b
0088
0084
0083
007f
007e
007a
0078
0077
0073
0071
006f
006e
006a
0068
0066
0064
0062
0060
005d
005d
005b
0059
0057
0054
0054
0052
004f
004f
004c
004c
0049
0049
0046
0045
0045
0042
0041
0041
003e
003d
003c
003b
003b
0038
0037
0036
0035
0034
0033
0032
0031
0030
002f
002e
002d
002c
002b
002b
002a
0029
0028
0027
0026
0026
0025
0024
0023
0023
0022
0021
0021
0020
001f
001f
001e
001d
001d
001c
001c
001b
001b
001a
001a
0019
0019
0018
0018
0017
0017
0016
0016
0015
0015
0014
0014
0014
0013
0013
0012
0012
0012
0011
0011
0011
0010
0010
0010
000f
000f
000f
000e
000e
000e
000e
000d
000d
000d
000c
000c
000c
000c
000b
000b
000b
000b
000b
000a
000a
000a
000a
0009
0009
0009
0009
0009
0009
0008
0008
0008
0008
0008
0008
0007
0007
0007
0007
0007
0007
0006
0006
0006
0006
0006
0006
0006
0006
0005
0005
0005
0005
0005
0005
0005
0005
0005
0004
0004
0004
0004
0004
0004
0004
0004
0004
0004
0004
0003
0003
0003
0003
0003
0003
0003
0003
0003
0003
0003
0003
0003
0003
0003
0002
0002
0002
0002
0002
0002
0002
0002
0002
0002
0002
0002
0002
0002
0002
0002
0002
0002
0002
0002
0001
0001
0001
0001
0001
0001
0001
0001
0001
0001
0001
0001
0001
0001
0001
0001
0001
0001
0001
0001
0001
0001
0001
0001
0001
0001
0001
0001
0001
0001
0001
0001
0001
0001
0000
0000
0000
0000
0000
0000
0000
0000
0000
0000
0000
0000
0000
0000
0000
0000
0000
0000
0000
0000
0000
0000
0000
0000
0000
0000
0000
0000
0000
0000
0000
0000
0000
0000
0000
0000
0000
0000
0000
0000
0000
0000
0000
0000
0000
0000
0000
0000
0000
0000
0000
0000
0000
0000
0000
0000
0000
0000
0000
0000
0000
0000
0000
0000
0000
0000
0000
0000
0000
0000
0000
0000
0000
0000
0000
0000
0000
0000
0000
0000
0000
0000
0000
0000
0000
0000
0000
0000
0000
0000
0000
0000
0000
0000
0000
0000
0000
0000
0000
0000
0000
0000
0000
0000
0000
0000
0000
0000
0000
0000
0000
0000
0000
0000
0000
0000
0000
0000
0000
0000
0000
0000
0000
0000
0000
0000
0000
0000
0000
0000
0000
0000
0000
0000
0000
0000
0000
0000
0000
0000
0000
0000
0000
0000
0000
0000
0000
0000
0000
0000
0000
0000
0000
0000
0000
0000
0000
0000
0000
0000
0000
0000
0000
0000
0000
0000
0000
0000
0000
0000
0000
0000
0000
0000
0000
0000
0000
0000
0000
0000
0000
0000
0000
0000
0000
0000
0000
0000
0000
0000
0000
0000
0000
0000
0000
0000
0000
0000
0000
0000
0000
0000
0000
0000
0000
0000
0000
0000
0000
0000
0000
0000
0000
0000
0000
0000
0000
0000
0000
0000
0000
0000
0000
0000
0000
0000
0000
0000
0000
0000
0000
0000
0000
0000
0000
0000
0000
0000
0000
0000
0000
0000
0000
0000
0000
0000
0000
0000
0000
0000
0000
0000
0000
0000
0000
0000
0000
0000
0000
0000
0000
0000
0000
0000
0000
0000
0000
0000
0000
0000
0000
0000
0000
0000
0000
0000
0000
0000
0000
0000
0000
0000
0000
0000
0000
0000
0000
0000
0000
0000
0000
0000
0000
0000
0000
0000
0000
0000
0000
0000
0000
0000
0000
0000
0000
0000
0000
0000
0000
0000
0000
0000
0000
0000
0000
0000
0000
0000
0000
0000
0000
0000
0000
0000
0000
0000
0000
0000
0000
0000
0000
0000
0000
0000
0000
0000
0000
0000
0000
0000
0000
0000
0000
0000
0000
0000
0000
0000
0000
0000
0000
0000
0000
0000
0000
0000
0000
0000
0000
0000
0000
0000
0000
0000
0000
0000
0000
0000
0000
0000
0000
0000
0000
0000
0000
0000
0000
0000
0000
0000
0000
0000
0000
0000
0000
0000
0000
0000
0000
0000
0000
0000
0000
0000
0000
0000
0000
0000
0000
0000
0000
0000
0000
0000
0000
0000
0000
0000
0000
0000
0000
0000
0000
0000
0000
0000
0000
0000
0000
0000
0000
0000
0000
0000
0000
0000
0000
0000
0000
0000
0000
0000
0000
0000
0000
0000
0000
0000
0000
0000
0000
0000
0000
0000
0000
0000
0000
0000
0000
0000
0000
0000
0000
0000
0000
0000
0000
0000
0000
0000
0000
0000
0000
0000
0000
0000
0000
0000
0000
0000
0000
0000
0000
0000
0000
0000
0000
0000
0000
0000
0000
0000
0000
0000
0000
0000
0000
0000
0000
0000
0000
0000
0000
0000
0000
0000
0000
0000
0000
0000
0000
0000
0000
0000
0000
0000
0000
0000
0000
0000
0000
0000
0000
0000
0000
0000
0000
0000
0000
0000
0000
0000
0000
0000
0000
0000
0000
0000
0000
0000
0000
0000
0000
0000
0000
0000
